state,range
0,000000000000
1,100000000000
2,010000000000
3,001000000000
4,000100000000
5,000010000000
6,000001000000
7,000000100000
8,000000010000
9,000000001000
10,000000000100
11,000000000010
12,000000000001
13,110000000000
14,101000000000
15,011000000000
16,100100000000
17,010100000000
18,001100000000
19,100010000000
20,010010000000
21,001010000000
22,000110000000
23,100001000000
24,010001000000
25,001001000000
26,000101000000
27,000011000000
28,100000100000
29,010000100000
30,001000100000
31,000100100000
32,000010100000
33,000001100000
34,100000010000
35,010000010000
36,001000010000
37,000100010000
38,000010010000
39,000001010000
40,000000110000
41,100000001000
42,010000001000
43,001000001000
44,000100001000
45,000010001000
46,000001001000
47,000000101000
48,000000011000
49,100000000100
50,010000000100
51,001000000100
52,000100000100
53,000010000100
54,000001000100
55,000000100100
56,000000010100
57,000000001100
58,100000000010
59,010000000010
60,001000000010
61,000100000010
62,000010000010
63,000001000010
64,000000100010
65,000000010010
66,000000001010
67,000000000110
68,100000000001
69,010000000001
70,001000000001
71,000100000001
72,000010000001
73,000001000001
74,000000100001
75,000000010001
76,000000001001
77,000000000101
78,000000000011
79,111000000000
80,110100000000
81,101100000000
82,011100000000
83,110010000000
84,101010000000
85,011010000000
86,100110000000
87,010110000000
88,001110000000
89,110001000000
90,101001000000
91,011001000000
92,100101000000
93,010101000000
94,001101000000
95,100011000000
96,010011000000
97,001011000000
98,000111000000
99,110000100000
100,101000100000
101,011000100000
102,100100100000
103,010100100000
104,001100100000
105,100010100000
106,010010100000
107,001010100000
108,000110100000
109,100001100000
110,010001100000
111,001001100000
112,000101100000
113,000011100000
114,110000010000
115,101000010000
116,011000010000
117,100100010000
118,010100010000
119,001100010000
120,100010010000
121,010010010000
122,001010010000
123,000110010000
124,100001010000
125,010001010000
126,001001010000
127,000101010000
128,000011010000
129,100000110000
130,010000110000
131,001000110000
132,000100110000
133,000010110000
134,000001110000
135,110000001000
136,101000001000
137,011000001000
138,100100001000
139,010100001000
140,001100001000
141,100010001000
142,010010001000
143,001010001000
144,000110001000
145,100001001000
146,010001001000
147,001001001000
148,000101001000
149,000011001000
150,100000101000
151,010000101000
152,001000101000
153,000100101000
154,000010101000
155,000001101000
156,100000011000
157,010000011000
158,001000011000
159,000100011000
160,000010011000
161,000001011000
162,000000111000
163,110000000100
164,101000000100
165,011000000100
166,100100000100
167,010100000100
168,001100000100
169,100010000100
170,010010000100
171,001010000100
172,000110000100
173,100001000100
174,010001000100
175,001001000100
176,000101000100
177,000011000100
178,100000100100
179,010000100100
180,001000100100
181,000100100100
182,000010100100
183,000001100100
184,100000010100
185,010000010100
186,001000010100
187,000100010100
188,000010010100
189,000001010100
190,000000110100
191,100000001100
192,010000001100
193,001000001100
194,000100001100
195,000010001100
196,000001001100
197,000000101100
198,000000011100
199,110000000010
200,101000000010
201,011000000010
202,100100000010
203,010100000010
204,001100000010
205,100010000010
206,010010000010
207,001010000010
208,000110000010
209,100001000010
210,010001000010
211,001001000010
212,000101000010
213,000011000010
214,100000100010
215,010000100010
216,001000100010
217,000100100010
218,000010100010
219,000001100010
220,100000010010
221,010000010010
222,001000010010
223,000100010010
224,000010010010
225,000001010010
226,000000110010
227,100000001010
228,010000001010
229,001000001010
230,000100001010
231,000010001010
232,000001001010
233,000000101010
234,000000011010
235,100000000110
236,010000000110
237,001000000110
238,000100000110
239,000010000110
240,000001000110
241,000000100110
242,000000010110
243,000000001110
244,110000000001
245,101000000001
246,011000000001
247,100100000001
248,010100000001
249,001100000001
250,100010000001
251,010010000001
252,001010000001
253,000110000001
254,100001000001
255,010001000001
256,001001000001
257,000101000001
258,000011000001
259,100000100001
260,010000100001
261,001000100001
262,000100100001
263,000010100001
264,000001100001
265,100000010001
266,010000010001
267,001000010001
268,000100010001
269,000010010001
270,000001010001
271,000000110001
272,100000001001
273,010000001001
274,001000001001
275,000100001001
276,000010001001
277,000001001001
278,000000101001
279,000000011001
280,100000000101
281,010000000101
282,001000000101
283,000100000101
284,000010000101
285,000001000101
286,000000100101
287,000000010101
288,000000001101
289,100000000011
290,010000000011
291,001000000011
292,000100000011
293,000010000011
294,000001000011
295,000000100011
296,000000010011
297,000000001011
298,000000000111
299,111100000000
300,111010000000
301,110110000000
302,101110000000
303,011110000000
304,111001000000
305,110101000000
306,101101000000
307,011101000000
308,110011000000
309,101011000000
310,011011000000
311,100111000000
312,010111000000
313,001111000000
314,111000100000
315,110100100000
316,101100100000
317,011100100000
318,110010100000
319,101010100000
320,011010100000
321,100110100000
322,010110100000
323,001110100000
324,110001100000
325,101001100000
326,011001100000
327,100101100000
328,010101100000
329,001101100000
330,100011100000
331,010011100000
332,001011100000
333,000111100000
334,111000010000
335,110100010000
336,101100010000
337,011100010000
338,110010010000
339,101010010000
340,011010010000
341,100110010000
342,010110010000
343,001110010000
344,110001010000
345,101001010000
346,011001010000
347,100101010000
348,010101010000
349,001101010000
350,100011010000
351,010011010000
352,001011010000
353,000111010000
354,110000110000
355,101000110000
356,011000110000
357,100100110000
358,010100110000
359,001100110000
360,100010110000
361,010010110000
362,001010110000
363,000110110000
364,100001110000
365,010001110000
366,001001110000
367,000101110000
368,000011110000
369,111000001000
370,110100001000
371,101100001000
372,011100001000
373,110010001000
374,101010001000
375,011010001000
376,100110001000
377,010110001000
378,001110001000
379,110001001000
380,101001001000
381,011001001000
382,100101001000
383,010101001000
384,001101001000
385,100011001000
386,010011001000
387,001011001000
388,000111001000
389,110000101000
390,101000101000
391,011000101000
392,100100101000
393,010100101000
394,001100101000
395,100010101000
396,010010101000
397,001010101000
398,000110101000
399,100001101000
400,010001101000
401,001001101000
402,000101101000
403,000011101000
404,110000011000
405,101000011000
406,011000011000
407,100100011000
408,010100011000
409,001100011000
410,100010011000
411,010010011000
412,001010011000
413,000110011000
414,100001011000
415,010001011000
416,001001011000
417,000101011000
418,000011011000
419,100000111000
420,010000111000
421,001000111000
422,000100111000
423,000010111000
424,000001111000
425,111000000100
426,110100000100
427,101100000100
428,011100000100
429,110010000100
430,101010000100
431,011010000100
432,100110000100
433,010110000100
434,001110000100
435,110001000100
436,101001000100
437,011001000100
438,100101000100
439,010101000100
440,001101000100
441,100011000100
442,010011000100
443,001011000100
444,000111000100
445,110000100100
446,101000100100
447,011000100100
448,100100100100
449,010100100100
450,001100100100
451,100010100100
452,010010100100
453,001010100100
454,000110100100
455,100001100100
456,010001100100
457,001001100100
458,000101100100
459,000011100100
460,110000010100
461,101000010100
462,011000010100
463,100100010100
464,010100010100
465,001100010100
466,100010010100
467,010010010100
468,001010010100
469,000110010100
470,100001010100
471,010001010100
472,001001010100
473,000101010100
474,000011010100
475,100000110100
476,010000110100
477,001000110100
478,000100110100
479,000010110100
480,000001110100
481,110000001100
482,101000001100
483,011000001100
484,100100001100
485,010100001100
486,001100001100
487,100010001100
488,010010001100
489,001010001100
490,000110001100
491,100001001100
492,010001001100
493,001001001100
494,000101001100
495,000011001100
496,100000101100
497,010000101100
498,001000101100
499,000100101100
500,000010101100
501,000001101100
502,100000011100
503,010000011100
504,001000011100
505,000100011100
506,000010011100
507,000001011100
508,000000111100
509,111000000010
510,110100000010
511,101100000010
512,011100000010
513,110010000010
514,101010000010
515,011010000010
516,100110000010
517,010110000010
518,001110000010
519,110001000010
520,101001000010
521,011001000010
522,100101000010
523,010101000010
524,001101000010
525,100011000010
526,010011000010
527,001011000010
528,000111000010
529,110000100010
530,101000100010
531,011000100010
532,100100100010
533,010100100010
534,001100100010
535,100010100010
536,010010100010
537,001010100010
538,000110100010
539,100001100010
540,010001100010
541,001001100010
542,000101100010
543,000011100010
544,110000010010
545,101000010010
546,011000010010
547,100100010010
548,010100010010
549,001100010010
550,100010010010
551,010010010010
552,001010010010
553,000110010010
554,100001010010
555,010001010010
556,001001010010
557,000101010010
558,000011010010
559,100000110010
560,010000110010
561,001000110010
562,000100110010
563,000010110010
564,000001110010
565,110000001010
566,101000001010
567,011000001010
568,100100001010
569,010100001010
570,001100001010
571,100010001010
572,010010001010
573,001010001010
574,000110001010
575,100001001010
576,010001001010
577,001001001010
578,000101001010
579,000011001010
580,100000101010
581,010000101010
582,001000101010
583,000100101010
584,000010101010
585,000001101010
586,100000011010
587,010000011010
588,001000011010
589,000100011010
590,000010011010
591,000001011010
592,000000111010
593,110000000110
594,101000000110
595,011000000110
596,100100000110
597,010100000110
598,001100000110
599,100010000110
600,010010000110
601,001010000110
602,000110000110
603,100001000110
604,010001000110
605,001001000110
606,000101000110
607,000011000110
608,100000100110
609,010000100110
610,001000100110
611,000100100110
612,000010100110
613,000001100110
614,100000010110
615,010000010110
616,001000010110
617,000100010110
618,000010010110
619,000001010110
620,000000110110
621,100000001110
622,010000001110
623,001000001110
624,000100001110
625,000010001110
626,000001001110
627,000000101110
628,000000011110
629,111000000001
630,110100000001
631,101100000001
632,011100000001
633,110010000001
634,101010000001
635,011010000001
636,100110000001
637,010110000001
638,001110000001
639,110001000001
640,101001000001
641,011001000001
642,100101000001
643,010101000001
644,001101000001
645,100011000001
646,010011000001
647,001011000001
648,000111000001
649,110000100001
650,101000100001
651,011000100001
652,100100100001
653,010100100001
654,001100100001
655,100010100001
656,010010100001
657,001010100001
658,000110100001
659,100001100001
660,010001100001
661,001001100001
662,000101100001
663,000011100001
664,110000010001
665,101000010001
666,011000010001
667,100100010001
668,010100010001
669,001100010001
670,100010010001
671,010010010001
672,001010010001
673,000110010001
674,100001010001
675,010001010001
676,001001010001
677,000101010001
678,000011010001
679,100000110001
680,010000110001
681,001000110001
682,000100110001
683,000010110001
684,000001110001
685,110000001001
686,101000001001
687,011000001001
688,100100001001
689,010100001001
690,001100001001
691,100010001001
692,010010001001
693,001010001001
694,000110001001
695,100001001001
696,010001001001
697,001001001001
698,000101001001
699,000011001001
700,100000101001
701,010000101001
702,001000101001
703,000100101001
704,000010101001
705,000001101001
706,100000011001
707,010000011001
708,001000011001
709,000100011001
710,000010011001
711,000001011001
712,000000111001
713,110000000101
714,101000000101
715,011000000101
716,100100000101
717,010100000101
718,001100000101
719,100010000101
720,010010000101
721,001010000101
722,000110000101
723,100001000101
724,010001000101
725,001001000101
726,000101000101
727,000011000101
728,100000100101
729,010000100101
730,001000100101
731,000100100101
732,000010100101
733,000001100101
734,100000010101
735,010000010101
736,001000010101
737,000100010101
738,000010010101
739,000001010101
740,000000110101
741,100000001101
742,010000001101
743,001000001101
744,000100001101
745,000010001101
746,000001001101
747,000000101101
748,000000011101
749,110000000011
750,101000000011
751,011000000011
752,100100000011
753,010100000011
754,001100000011
755,100010000011
756,010010000011
757,001010000011
758,000110000011
759,100001000011
760,010001000011
761,001001000011
762,000101000011
763,000011000011
764,100000100011
765,010000100011
766,001000100011
767,000100100011
768,000010100011
769,000001100011
770,100000010011
771,010000010011
772,001000010011
773,000100010011
774,000010010011
775,000001010011
776,000000110011
777,100000001011
778,010000001011
779,001000001011
780,000100001011
781,000010001011
782,000001001011
783,000000101011
784,000000011011
785,100000000111
786,010000000111
787,001000000111
788,000100000111
789,000010000111
790,000001000111
791,000000100111
792,000000010111
793,000000001111
794,111110000000
795,111101000000
796,111011000000
797,110111000000
798,101111000000
799,011111000000
800,111100100000
801,111010100000
802,110110100000
803,101110100000
804,011110100000
805,111001100000
806,110101100000
807,101101100000
808,011101100000
809,110011100000
810,101011100000
811,011011100000
812,100111100000
813,010111100000
814,001111100000
815,111100010000
816,111010010000
817,110110010000
818,101110010000
819,011110010000
820,111001010000
821,110101010000
822,101101010000
823,011101010000
824,110011010000
825,101011010000
826,011011010000
827,100111010000
828,010111010000
829,001111010000
830,111000110000
831,110100110000
832,101100110000
833,011100110000
834,110010110000
835,101010110000
836,011010110000
837,100110110000
838,010110110000
839,001110110000
840,110001110000
841,101001110000
842,011001110000
843,100101110000
844,010101110000
845,001101110000
846,100011110000
847,010011110000
848,001011110000
849,000111110000
850,111100001000
851,111010001000
852,110110001000
853,101110001000
854,011110001000
855,111001001000
856,110101001000
857,101101001000
858,011101001000
859,110011001000
860,101011001000
861,011011001000
862,100111001000
863,010111001000
864,001111001000
865,111000101000
866,110100101000
867,101100101000
868,011100101000
869,110010101000
870,101010101000
871,011010101000
872,100110101000
873,010110101000
874,001110101000
875,110001101000
876,101001101000
877,011001101000
878,100101101000
879,010101101000
880,001101101000
881,100011101000
882,010011101000
883,001011101000
884,000111101000
885,111000011000
886,110100011000
887,101100011000
888,011100011000
889,110010011000
890,101010011000
891,011010011000
892,100110011000
893,010110011000
894,001110011000
895,110001011000
896,101001011000
897,011001011000
898,100101011000
899,010101011000
900,001101011000
901,100011011000
902,010011011000
903,001011011000
904,000111011000
905,110000111000
906,101000111000
907,011000111000
908,100100111000
909,010100111000
910,001100111000
911,100010111000
912,010010111000
913,001010111000
914,000110111000
915,100001111000
916,010001111000
917,001001111000
918,000101111000
919,000011111000
920,111100000100
921,111010000100
922,110110000100
923,101110000100
924,011110000100
925,111001000100
926,110101000100
927,101101000100
928,011101000100
929,110011000100
930,101011000100
931,011011000100
932,100111000100
933,010111000100
934,001111000100
935,111000100100
936,110100100100
937,101100100100
938,011100100100
939,110010100100
940,101010100100
941,011010100100
942,100110100100
943,010110100100
944,001110100100
945,110001100100
946,101001100100
947,011001100100
948,100101100100
949,010101100100
950,001101100100
951,100011100100
952,010011100100
953,001011100100
954,000111100100
955,111000010100
956,110100010100
957,101100010100
958,011100010100
959,110010010100
960,101010010100
961,011010010100
962,100110010100
963,010110010100
964,001110010100
965,110001010100
966,101001010100
967,011001010100
968,100101010100
969,010101010100
970,001101010100
971,100011010100
972,010011010100
973,001011010100
974,000111010100
975,110000110100
976,101000110100
977,011000110100
978,100100110100
979,010100110100
980,001100110100
981,100010110100
982,010010110100
983,001010110100
984,000110110100
985,100001110100
986,010001110100
987,001001110100
988,000101110100
989,000011110100
990,111000001100
991,110100001100
992,101100001100
993,011100001100
994,110010001100
995,101010001100
996,011010001100
997,100110001100
998,010110001100
999,001110001100
1000,110001001100
1001,101001001100
1002,011001001100
1003,100101001100
1004,010101001100
1005,001101001100
1006,100011001100
1007,010011001100
1008,001011001100
1009,000111001100
1010,110000101100
1011,101000101100
1012,011000101100
1013,100100101100
1014,010100101100
1015,001100101100
1016,100010101100
1017,010010101100
1018,001010101100
1019,000110101100
1020,100001101100
1021,010001101100
1022,001001101100
1023,000101101100
1024,000011101100
1025,110000011100
1026,101000011100
1027,011000011100
1028,100100011100
1029,010100011100
1030,001100011100
1031,100010011100
1032,010010011100
1033,001010011100
1034,000110011100
1035,100001011100
1036,010001011100
1037,001001011100
1038,000101011100
1039,000011011100
1040,100000111100
1041,010000111100
1042,001000111100
1043,000100111100
1044,000010111100
1045,000001111100
1046,111100000010
1047,111010000010
1048,110110000010
1049,101110000010
1050,011110000010
1051,111001000010
1052,110101000010
1053,101101000010
1054,011101000010
1055,110011000010
1056,101011000010
1057,011011000010
1058,100111000010
1059,010111000010
1060,001111000010
1061,111000100010
1062,110100100010
1063,101100100010
1064,011100100010
1065,110010100010
1066,101010100010
1067,011010100010
1068,100110100010
1069,010110100010
1070,001110100010
1071,110001100010
1072,101001100010
1073,011001100010
1074,100101100010
1075,010101100010
1076,001101100010
1077,100011100010
1078,010011100010
1079,001011100010
1080,000111100010
1081,111000010010
1082,110100010010
1083,101100010010
1084,011100010010
1085,110010010010
1086,101010010010
1087,011010010010
1088,100110010010
1089,010110010010
1090,001110010010
1091,110001010010
1092,101001010010
1093,011001010010
1094,100101010010
1095,010101010010
1096,001101010010
1097,100011010010
1098,010011010010
1099,001011010010
1100,000111010010
1101,110000110010
1102,101000110010
1103,011000110010
1104,100100110010
1105,010100110010
1106,001100110010
1107,100010110010
1108,010010110010
1109,001010110010
1110,000110110010
1111,100001110010
1112,010001110010
1113,001001110010
1114,000101110010
1115,000011110010
1116,111000001010
1117,110100001010
1118,101100001010
1119,011100001010
1120,110010001010
1121,101010001010
1122,011010001010
1123,100110001010
1124,010110001010
1125,001110001010
1126,110001001010
1127,101001001010
1128,011001001010
1129,100101001010
1130,010101001010
1131,001101001010
1132,100011001010
1133,010011001010
1134,001011001010
1135,000111001010
1136,110000101010
1137,101000101010
1138,011000101010
1139,100100101010
1140,010100101010
1141,001100101010
1142,100010101010
1143,010010101010
1144,001010101010
1145,000110101010
1146,100001101010
1147,010001101010
1148,001001101010
1149,000101101010
1150,000011101010
1151,110000011010
1152,101000011010
1153,011000011010
1154,100100011010
1155,010100011010
1156,001100011010
1157,100010011010
1158,010010011010
1159,001010011010
1160,000110011010
1161,100001011010
1162,010001011010
1163,001001011010
1164,000101011010
1165,000011011010
1166,100000111010
1167,010000111010
1168,001000111010
1169,000100111010
1170,000010111010
1171,000001111010
1172,111000000110
1173,110100000110
1174,101100000110
1175,011100000110
1176,110010000110
1177,101010000110
1178,011010000110
1179,100110000110
1180,010110000110
1181,001110000110
1182,110001000110
1183,101001000110
1184,011001000110
1185,100101000110
1186,010101000110
1187,001101000110
1188,100011000110
1189,010011000110
1190,001011000110
1191,000111000110
1192,110000100110
1193,101000100110
1194,011000100110
1195,100100100110
1196,010100100110
1197,001100100110
1198,100010100110
1199,010010100110
1200,001010100110
1201,000110100110
1202,100001100110
1203,010001100110
1204,001001100110
1205,000101100110
1206,000011100110
1207,110000010110
1208,101000010110
1209,011000010110
1210,100100010110
1211,010100010110
1212,001100010110
1213,100010010110
1214,010010010110
1215,001010010110
1216,000110010110
1217,100001010110
1218,010001010110
1219,001001010110
1220,000101010110
1221,000011010110
1222,100000110110
1223,010000110110
1224,001000110110
1225,000100110110
1226,000010110110
1227,000001110110
1228,110000001110
1229,101000001110
1230,011000001110
1231,100100001110
1232,010100001110
1233,001100001110
1234,100010001110
1235,010010001110
1236,001010001110
1237,000110001110
1238,100001001110
1239,010001001110
1240,001001001110
1241,000101001110
1242,000011001110
1243,100000101110
1244,010000101110
1245,001000101110
1246,000100101110
1247,000010101110
1248,000001101110
1249,100000011110
1250,010000011110
1251,001000011110
1252,000100011110
1253,000010011110
1254,000001011110
1255,000000111110
1256,111100000001
1257,111010000001
1258,110110000001
1259,101110000001
1260,011110000001
1261,111001000001
1262,110101000001
1263,101101000001
1264,011101000001
1265,110011000001
1266,101011000001
1267,011011000001
1268,100111000001
1269,010111000001
1270,001111000001
1271,111000100001
1272,110100100001
1273,101100100001
1274,011100100001
1275,110010100001
1276,101010100001
1277,011010100001
1278,100110100001
1279,010110100001
1280,001110100001
1281,110001100001
1282,101001100001
1283,011001100001
1284,100101100001
1285,010101100001
1286,001101100001
1287,100011100001
1288,010011100001
1289,001011100001
1290,000111100001
1291,111000010001
1292,110100010001
1293,101100010001
1294,011100010001
1295,110010010001
1296,101010010001
1297,011010010001
1298,100110010001
1299,010110010001
1300,001110010001
1301,110001010001
1302,101001010001
1303,011001010001
1304,100101010001
1305,010101010001
1306,001101010001
1307,100011010001
1308,010011010001
1309,001011010001
1310,000111010001
1311,110000110001
1312,101000110001
1313,011000110001
1314,100100110001
1315,010100110001
1316,001100110001
1317,100010110001
1318,010010110001
1319,001010110001
1320,000110110001
1321,100001110001
1322,010001110001
1323,001001110001
1324,000101110001
1325,000011110001
1326,111000001001
1327,110100001001
1328,101100001001
1329,011100001001
1330,110010001001
1331,101010001001
1332,011010001001
1333,100110001001
1334,010110001001
1335,001110001001
1336,110001001001
1337,101001001001
1338,011001001001
1339,100101001001
1340,010101001001
1341,001101001001
1342,100011001001
1343,010011001001
1344,001011001001
1345,000111001001
1346,110000101001
1347,101000101001
1348,011000101001
1349,100100101001
1350,010100101001
1351,001100101001
1352,100010101001
1353,010010101001
1354,001010101001
1355,000110101001
1356,100001101001
1357,010001101001
1358,001001101001
1359,000101101001
1360,000011101001
1361,110000011001
1362,101000011001
1363,011000011001
1364,100100011001
1365,010100011001
1366,001100011001
1367,100010011001
1368,010010011001
1369,001010011001
1370,000110011001
1371,100001011001
1372,010001011001
1373,001001011001
1374,000101011001
1375,000011011001
1376,100000111001
1377,010000111001
1378,001000111001
1379,000100111001
1380,000010111001
1381,000001111001
1382,111000000101
1383,110100000101
1384,101100000101
1385,011100000101
1386,110010000101
1387,101010000101
1388,011010000101
1389,100110000101
1390,010110000101
1391,001110000101
1392,110001000101
1393,101001000101
1394,011001000101
1395,100101000101
1396,010101000101
1397,001101000101
1398,100011000101
1399,010011000101
1400,001011000101
1401,000111000101
1402,110000100101
1403,101000100101
1404,011000100101
1405,100100100101
1406,010100100101
1407,001100100101
1408,100010100101
1409,010010100101
1410,001010100101
1411,000110100101
1412,100001100101
1413,010001100101
1414,001001100101
1415,000101100101
1416,000011100101
1417,110000010101
1418,101000010101
1419,011000010101
1420,100100010101
1421,010100010101
1422,001100010101
1423,100010010101
1424,010010010101
1425,001010010101
1426,000110010101
1427,100001010101
1428,010001010101
1429,001001010101
1430,000101010101
1431,000011010101
1432,100000110101
1433,010000110101
1434,001000110101
1435,000100110101
1436,000010110101
1437,000001110101
1438,110000001101
1439,101000001101
1440,011000001101
1441,100100001101
1442,010100001101
1443,001100001101
1444,100010001101
1445,010010001101
1446,001010001101
1447,000110001101
1448,100001001101
1449,010001001101
1450,001001001101
1451,000101001101
1452,000011001101
1453,100000101101
1454,010000101101
1455,001000101101
1456,000100101101
1457,000010101101
1458,000001101101
1459,100000011101
1460,010000011101
1461,001000011101
1462,000100011101
1463,000010011101
1464,000001011101
1465,000000111101
1466,111000000011
1467,110100000011
1468,101100000011
1469,011100000011
1470,110010000011
1471,101010000011
1472,011010000011
1473,100110000011
1474,010110000011
1475,001110000011
1476,110001000011
1477,101001000011
1478,011001000011
1479,100101000011
1480,010101000011
1481,001101000011
1482,100011000011
1483,010011000011
1484,001011000011
1485,000111000011
1486,110000100011
1487,101000100011
1488,011000100011
1489,100100100011
1490,010100100011
1491,001100100011
1492,100010100011
1493,010010100011
1494,001010100011
1495,000110100011
1496,100001100011
1497,010001100011
1498,001001100011
1499,000101100011
1500,000011100011
1501,110000010011
1502,101000010011
1503,011000010011
1504,100100010011
1505,010100010011
1506,001100010011
1507,100010010011
1508,010010010011
1509,001010010011
1510,000110010011
1511,100001010011
1512,010001010011
1513,001001010011
1514,000101010011
1515,000011010011
1516,100000110011
1517,010000110011
1518,001000110011
1519,000100110011
1520,000010110011
1521,000001110011
1522,110000001011
1523,101000001011
1524,011000001011
1525,100100001011
1526,010100001011
1527,001100001011
1528,100010001011
1529,010010001011
1530,001010001011
1531,000110001011
1532,100001001011
1533,010001001011
1534,001001001011
1535,000101001011
1536,000011001011
1537,100000101011
1538,010000101011
1539,001000101011
1540,000100101011
1541,000010101011
1542,000001101011
1543,100000011011
1544,010000011011
1545,001000011011
1546,000100011011
1547,000010011011
1548,000001011011
1549,000000111011
1550,110000000111
1551,101000000111
1552,011000000111
1553,100100000111
1554,010100000111
1555,001100000111
1556,100010000111
1557,010010000111
1558,001010000111
1559,000110000111
1560,100001000111
1561,010001000111
1562,001001000111
1563,000101000111
1564,000011000111
1565,100000100111
1566,010000100111
1567,001000100111
1568,000100100111
1569,000010100111
1570,000001100111
1571,100000010111
1572,010000010111
1573,001000010111
1574,000100010111
1575,000010010111
1576,000001010111
1577,000000110111
1578,100000001111
1579,010000001111
1580,001000001111
1581,000100001111
1582,000010001111
1583,000001001111
1584,000000101111
1585,000000011111
1586,111111000000
1587,111110100000
1588,111101100000
1589,111011100000
1590,110111100000
1591,101111100000
1592,011111100000
1593,111110010000
1594,111101010000
1595,111011010000
1596,110111010000
1597,101111010000
1598,011111010000
1599,111100110000
1600,111010110000
1601,110110110000
1602,101110110000
1603,011110110000
1604,111001110000
1605,110101110000
1606,101101110000
1607,011101110000
1608,110011110000
1609,101011110000
1610,011011110000
1611,100111110000
1612,010111110000
1613,001111110000
1614,111110001000
1615,111101001000
1616,111011001000
1617,110111001000
1618,101111001000
1619,011111001000
1620,111100101000
1621,111010101000
1622,110110101000
1623,101110101000
1624,011110101000
1625,111001101000
1626,110101101000
1627,101101101000
1628,011101101000
1629,110011101000
1630,101011101000
1631,011011101000
1632,100111101000
1633,010111101000
1634,001111101000
1635,111100011000
1636,111010011000
1637,110110011000
1638,101110011000
1639,011110011000
1640,111001011000
1641,110101011000
1642,101101011000
1643,011101011000
1644,110011011000
1645,101011011000
1646,011011011000
1647,100111011000
1648,010111011000
1649,001111011000
1650,111000111000
1651,110100111000
1652,101100111000
1653,011100111000
1654,110010111000
1655,101010111000
1656,011010111000
1657,100110111000
1658,010110111000
1659,001110111000
1660,110001111000
1661,101001111000
1662,011001111000
1663,100101111000
1664,010101111000
1665,001101111000
1666,100011111000
1667,010011111000
1668,001011111000
1669,000111111000
1670,111110000100
1671,111101000100
1672,111011000100
1673,110111000100
1674,101111000100
1675,011111000100
1676,111100100100
1677,111010100100
1678,110110100100
1679,101110100100
1680,011110100100
1681,111001100100
1682,110101100100
1683,101101100100
1684,011101100100
1685,110011100100
1686,101011100100
1687,011011100100
1688,100111100100
1689,010111100100
1690,001111100100
1691,111100010100
1692,111010010100
1693,110110010100
1694,101110010100
1695,011110010100
1696,111001010100
1697,110101010100
1698,101101010100
1699,011101010100
1700,110011010100
1701,101011010100
1702,011011010100
1703,100111010100
1704,010111010100
1705,001111010100
1706,111000110100
1707,110100110100
1708,101100110100
1709,011100110100
1710,110010110100
1711,101010110100
1712,011010110100
1713,100110110100
1714,010110110100
1715,001110110100
1716,110001110100
1717,101001110100
1718,011001110100
1719,100101110100
1720,010101110100
1721,001101110100
1722,100011110100
1723,010011110100
1724,001011110100
1725,000111110100
1726,111100001100
1727,111010001100
1728,110110001100
1729,101110001100
1730,011110001100
1731,111001001100
1732,110101001100
1733,101101001100
1734,011101001100
1735,110011001100
1736,101011001100
1737,011011001100
1738,100111001100
1739,010111001100
1740,001111001100
1741,111000101100
1742,110100101100
1743,101100101100
1744,011100101100
1745,110010101100
1746,101010101100
1747,011010101100
1748,100110101100
1749,010110101100
1750,001110101100
1751,110001101100
1752,101001101100
1753,011001101100
1754,100101101100
1755,010101101100
1756,001101101100
1757,100011101100
1758,010011101100
1759,001011101100
1760,000111101100
1761,111000011100
1762,110100011100
1763,101100011100
1764,011100011100
1765,110010011100
1766,101010011100
1767,011010011100
1768,100110011100
1769,010110011100
1770,001110011100
1771,110001011100
1772,101001011100
1773,011001011100
1774,100101011100
1775,010101011100
1776,001101011100
1777,100011011100
1778,010011011100
1779,001011011100
1780,000111011100
1781,110000111100
1782,101000111100
1783,011000111100
1784,100100111100
1785,010100111100
1786,001100111100
1787,100010111100
1788,010010111100
1789,001010111100
1790,000110111100
1791,100001111100
1792,010001111100
1793,001001111100
1794,000101111100
1795,000011111100
1796,111110000010
1797,111101000010
1798,111011000010
1799,110111000010
1800,101111000010
1801,011111000010
1802,111100100010
1803,111010100010
1804,110110100010
1805,101110100010
1806,011110100010
1807,111001100010
1808,110101100010
1809,101101100010
1810,011101100010
1811,110011100010
1812,101011100010
1813,011011100010
1814,100111100010
1815,010111100010
1816,001111100010
1817,111100010010
1818,111010010010
1819,110110010010
1820,101110010010
1821,011110010010
1822,111001010010
1823,110101010010
1824,101101010010
1825,011101010010
1826,110011010010
1827,101011010010
1828,011011010010
1829,100111010010
1830,010111010010
1831,001111010010
1832,111000110010
1833,110100110010
1834,101100110010
1835,011100110010
1836,110010110010
1837,101010110010
1838,011010110010
1839,100110110010
1840,010110110010
1841,001110110010
1842,110001110010
1843,101001110010
1844,011001110010
1845,100101110010
1846,010101110010
1847,001101110010
1848,100011110010
1849,010011110010
1850,001011110010
1851,000111110010
1852,111100001010
1853,111010001010
1854,110110001010
1855,101110001010
1856,011110001010
1857,111001001010
1858,110101001010
1859,101101001010
1860,011101001010
1861,110011001010
1862,101011001010
1863,011011001010
1864,100111001010
1865,010111001010
1866,001111001010
1867,111000101010
1868,110100101010
1869,101100101010
1870,011100101010
1871,110010101010
1872,101010101010
1873,011010101010
1874,100110101010
1875,010110101010
1876,001110101010
1877,110001101010
1878,101001101010
1879,011001101010
1880,100101101010
1881,010101101010
1882,001101101010
1883,100011101010
1884,010011101010
1885,001011101010
1886,000111101010
1887,111000011010
1888,110100011010
1889,101100011010
1890,011100011010
1891,110010011010
1892,101010011010
1893,011010011010
1894,100110011010
1895,010110011010
1896,001110011010
1897,110001011010
1898,101001011010
1899,011001011010
1900,100101011010
1901,010101011010
1902,001101011010
1903,100011011010
1904,010011011010
1905,001011011010
1906,000111011010
1907,110000111010
1908,101000111010
1909,011000111010
1910,100100111010
1911,010100111010
1912,001100111010
1913,100010111010
1914,010010111010
1915,001010111010
1916,000110111010
1917,100001111010
1918,010001111010
1919,001001111010
1920,000101111010
1921,000011111010
1922,111100000110
1923,111010000110
1924,110110000110
1925,101110000110
1926,011110000110
1927,111001000110
1928,110101000110
1929,101101000110
1930,011101000110
1931,110011000110
1932,101011000110
1933,011011000110
1934,100111000110
1935,010111000110
1936,001111000110
1937,111000100110
1938,110100100110
1939,101100100110
1940,011100100110
1941,110010100110
1942,101010100110
1943,011010100110
1944,100110100110
1945,010110100110
1946,001110100110
1947,110001100110
1948,101001100110
1949,011001100110
1950,100101100110
1951,010101100110
1952,001101100110
1953,100011100110
1954,010011100110
1955,001011100110
1956,000111100110
1957,111000010110
1958,110100010110
1959,101100010110
1960,011100010110
1961,110010010110
1962,101010010110
1963,011010010110
1964,100110010110
1965,010110010110
1966,001110010110
1967,110001010110
1968,101001010110
1969,011001010110
1970,100101010110
1971,010101010110
1972,001101010110
1973,100011010110
1974,010011010110
1975,001011010110
1976,000111010110
1977,110000110110
1978,101000110110
1979,011000110110
1980,100100110110
1981,010100110110
1982,001100110110
1983,100010110110
1984,010010110110
1985,001010110110
1986,000110110110
1987,100001110110
1988,010001110110
1989,001001110110
1990,000101110110
1991,000011110110
1992,111000001110
1993,110100001110
1994,101100001110
1995,011100001110
1996,110010001110
1997,101010001110
1998,011010001110
1999,100110001110
2000,010110001110
2001,001110001110
2002,110001001110
2003,101001001110
2004,011001001110
2005,100101001110
2006,010101001110
2007,001101001110
2008,100011001110
2009,010011001110
2010,001011001110
2011,000111001110
2012,110000101110
2013,101000101110
2014,011000101110
2015,100100101110
2016,010100101110
2017,001100101110
2018,100010101110
2019,010010101110
2020,001010101110
2021,000110101110
2022,100001101110
2023,010001101110
2024,001001101110
2025,000101101110
2026,000011101110
2027,110000011110
2028,101000011110
2029,011000011110
2030,100100011110
2031,010100011110
2032,001100011110
2033,100010011110
2034,010010011110
2035,001010011110
2036,000110011110
2037,100001011110
2038,010001011110
2039,001001011110
2040,000101011110
2041,000011011110
2042,100000111110
2043,010000111110
2044,001000111110
2045,000100111110
2046,000010111110
2047,000001111110
2048,111110000001
2049,111101000001
2050,111011000001
2051,110111000001
2052,101111000001
2053,011111000001
2054,111100100001
2055,111010100001
2056,110110100001
2057,101110100001
2058,011110100001
2059,111001100001
2060,110101100001
2061,101101100001
2062,011101100001
2063,110011100001
2064,101011100001
2065,011011100001
2066,100111100001
2067,010111100001
2068,001111100001
2069,111100010001
2070,111010010001
2071,110110010001
2072,101110010001
2073,011110010001
2074,111001010001
2075,110101010001
2076,101101010001
2077,011101010001
2078,110011010001
2079,101011010001
2080,011011010001
2081,100111010001
2082,010111010001
2083,001111010001
2084,111000110001
2085,110100110001
2086,101100110001
2087,011100110001
2088,110010110001
2089,101010110001
2090,011010110001
2091,100110110001
2092,010110110001
2093,001110110001
2094,110001110001
2095,101001110001
2096,011001110001
2097,100101110001
2098,010101110001
2099,001101110001
2100,100011110001
2101,010011110001
2102,001011110001
2103,000111110001
2104,111100001001
2105,111010001001
2106,110110001001
2107,101110001001
2108,011110001001
2109,111001001001
2110,110101001001
2111,101101001001
2112,011101001001
2113,110011001001
2114,101011001001
2115,011011001001
2116,100111001001
2117,010111001001
2118,001111001001
2119,111000101001
2120,110100101001
2121,101100101001
2122,011100101001
2123,110010101001
2124,101010101001
2125,011010101001
2126,100110101001
2127,010110101001
2128,001110101001
2129,110001101001
2130,101001101001
2131,011001101001
2132,100101101001
2133,010101101001
2134,001101101001
2135,100011101001
2136,010011101001
2137,001011101001
2138,000111101001
2139,111000011001
2140,110100011001
2141,101100011001
2142,011100011001
2143,110010011001
2144,101010011001
2145,011010011001
2146,100110011001
2147,010110011001
2148,001110011001
2149,110001011001
2150,101001011001
2151,011001011001
2152,100101011001
2153,010101011001
2154,001101011001
2155,100011011001
2156,010011011001
2157,001011011001
2158,000111011001
2159,110000111001
2160,101000111001
2161,011000111001
2162,100100111001
2163,010100111001
2164,001100111001
2165,100010111001
2166,010010111001
2167,001010111001
2168,000110111001
2169,100001111001
2170,010001111001
2171,001001111001
2172,000101111001
2173,000011111001
2174,111100000101
2175,111010000101
2176,110110000101
2177,101110000101
2178,011110000101
2179,111001000101
2180,110101000101
2181,101101000101
2182,011101000101
2183,110011000101
2184,101011000101
2185,011011000101
2186,100111000101
2187,010111000101
2188,001111000101
2189,111000100101
2190,110100100101
2191,101100100101
2192,011100100101
2193,110010100101
2194,101010100101
2195,011010100101
2196,100110100101
2197,010110100101
2198,001110100101
2199,110001100101
2200,101001100101
2201,011001100101
2202,100101100101
2203,010101100101
2204,001101100101
2205,100011100101
2206,010011100101
2207,001011100101
2208,000111100101
2209,111000010101
2210,110100010101
2211,101100010101
2212,011100010101
2213,110010010101
2214,101010010101
2215,011010010101
2216,100110010101
2217,010110010101
2218,001110010101
2219,110001010101
2220,101001010101
2221,011001010101
2222,100101010101
2223,010101010101
2224,001101010101
2225,100011010101
2226,010011010101
2227,001011010101
2228,000111010101
2229,110000110101
2230,101000110101
2231,011000110101
2232,100100110101
2233,010100110101
2234,001100110101
2235,100010110101
2236,010010110101
2237,001010110101
2238,000110110101
2239,100001110101
2240,010001110101
2241,001001110101
2242,000101110101
2243,000011110101
2244,111000001101
2245,110100001101
2246,101100001101
2247,011100001101
2248,110010001101
2249,101010001101
2250,011010001101
2251,100110001101
2252,010110001101
2253,001110001101
2254,110001001101
2255,101001001101
2256,011001001101
2257,100101001101
2258,010101001101
2259,001101001101
2260,100011001101
2261,010011001101
2262,001011001101
2263,000111001101
2264,110000101101
2265,101000101101
2266,011000101101
2267,100100101101
2268,010100101101
2269,001100101101
2270,100010101101
2271,010010101101
2272,001010101101
2273,000110101101
2274,100001101101
2275,010001101101
2276,001001101101
2277,000101101101
2278,000011101101
2279,110000011101
2280,101000011101
2281,011000011101
2282,100100011101
2283,010100011101
2284,001100011101
2285,100010011101
2286,010010011101
2287,001010011101
2288,000110011101
2289,100001011101
2290,010001011101
2291,001001011101
2292,000101011101
2293,000011011101
2294,100000111101
2295,010000111101
2296,001000111101
2297,000100111101
2298,000010111101
2299,000001111101
2300,111100000011
2301,111010000011
2302,110110000011
2303,101110000011
2304,011110000011
2305,111001000011
2306,110101000011
2307,101101000011
2308,011101000011
2309,110011000011
2310,101011000011
2311,011011000011
2312,100111000011
2313,010111000011
2314,001111000011
2315,111000100011
2316,110100100011
2317,101100100011
2318,011100100011
2319,110010100011
2320,101010100011
2321,011010100011
2322,100110100011
2323,010110100011
2324,001110100011
2325,110001100011
2326,101001100011
2327,011001100011
2328,100101100011
2329,010101100011
2330,001101100011
2331,100011100011
2332,010011100011
2333,001011100011
2334,000111100011
2335,111000010011
2336,110100010011
2337,101100010011
2338,011100010011
2339,110010010011
2340,101010010011
2341,011010010011
2342,100110010011
2343,010110010011
2344,001110010011
2345,110001010011
2346,101001010011
2347,011001010011
2348,100101010011
2349,010101010011
2350,001101010011
2351,100011010011
2352,010011010011
2353,001011010011
2354,000111010011
2355,110000110011
2356,101000110011
2357,011000110011
2358,100100110011
2359,010100110011
2360,001100110011
2361,100010110011
2362,010010110011
2363,001010110011
2364,000110110011
2365,100001110011
2366,010001110011
2367,001001110011
2368,000101110011
2369,000011110011
2370,111000001011
2371,110100001011
2372,101100001011
2373,011100001011
2374,110010001011
2375,101010001011
2376,011010001011
2377,100110001011
2378,010110001011
2379,001110001011
2380,110001001011
2381,101001001011
2382,011001001011
2383,100101001011
2384,010101001011
2385,001101001011
2386,100011001011
2387,010011001011
2388,001011001011
2389,000111001011
2390,110000101011
2391,101000101011
2392,011000101011
2393,100100101011
2394,010100101011
2395,001100101011
2396,100010101011
2397,010010101011
2398,001010101011
2399,000110101011
2400,100001101011
2401,010001101011
2402,001001101011
2403,000101101011
2404,000011101011
2405,110000011011
2406,101000011011
2407,011000011011
2408,100100011011
2409,010100011011
2410,001100011011
2411,100010011011
2412,010010011011
2413,001010011011
2414,000110011011
2415,100001011011
2416,010001011011
2417,001001011011
2418,000101011011
2419,000011011011
2420,100000111011
2421,010000111011
2422,001000111011
2423,000100111011
2424,000010111011
2425,000001111011
2426,111000000111
2427,110100000111
2428,101100000111
2429,011100000111
2430,110010000111
2431,101010000111
2432,011010000111
2433,100110000111
2434,010110000111
2435,001110000111
2436,110001000111
2437,101001000111
2438,011001000111
2439,100101000111
2440,010101000111
2441,001101000111
2442,100011000111
2443,010011000111
2444,001011000111
2445,000111000111
2446,110000100111
2447,101000100111
2448,011000100111
2449,100100100111
2450,010100100111
2451,001100100111
2452,100010100111
2453,010010100111
2454,001010100111
2455,000110100111
2456,100001100111
2457,010001100111
2458,001001100111
2459,000101100111
2460,000011100111
2461,110000010111
2462,101000010111
2463,011000010111
2464,100100010111
2465,010100010111
2466,001100010111
2467,100010010111
2468,010010010111
2469,001010010111
2470,000110010111
2471,100001010111
2472,010001010111
2473,001001010111
2474,000101010111
2475,000011010111
2476,100000110111
2477,010000110111
2478,001000110111
2479,000100110111
2480,000010110111
2481,000001110111
2482,110000001111
2483,101000001111
2484,011000001111
2485,100100001111
2486,010100001111
2487,001100001111
2488,100010001111
2489,010010001111
2490,001010001111
2491,000110001111
2492,100001001111
2493,010001001111
2494,001001001111
2495,000101001111
2496,000011001111
2497,100000101111
2498,010000101111
2499,001000101111
2500,000100101111
2501,000010101111
2502,000001101111
2503,100000011111
2504,010000011111
2505,001000011111
2506,000100011111
2507,000010011111
2508,000001011111
2509,000000111111
2510,111111100000
2511,111111010000
2512,111110110000
2513,111101110000
2514,111011110000
2515,110111110000
2516,101111110000
2517,011111110000
2518,111111001000
2519,111110101000
2520,111101101000
2521,111011101000
2522,110111101000
2523,101111101000
2524,011111101000
2525,111110011000
2526,111101011000
2527,111011011000
2528,110111011000
2529,101111011000
2530,011111011000
2531,111100111000
2532,111010111000
2533,110110111000
2534,101110111000
2535,011110111000
2536,111001111000
2537,110101111000
2538,101101111000
2539,011101111000
2540,110011111000
2541,101011111000
2542,011011111000
2543,100111111000
2544,010111111000
2545,001111111000
2546,111111000100
2547,111110100100
2548,111101100100
2549,111011100100
2550,110111100100
2551,101111100100
2552,011111100100
2553,111110010100
2554,111101010100
2555,111011010100
2556,110111010100
2557,101111010100
2558,011111010100
2559,111100110100
2560,111010110100
2561,110110110100
2562,101110110100
2563,011110110100
2564,111001110100
2565,110101110100
2566,101101110100
2567,011101110100
2568,110011110100
2569,101011110100
2570,011011110100
2571,100111110100
2572,010111110100
2573,001111110100
2574,111110001100
2575,111101001100
2576,111011001100
2577,110111001100
2578,101111001100
2579,011111001100
2580,111100101100
2581,111010101100
2582,110110101100
2583,101110101100
2584,011110101100
2585,111001101100
2586,110101101100
2587,101101101100
2588,011101101100
2589,110011101100
2590,101011101100
2591,011011101100
2592,100111101100
2593,010111101100
2594,001111101100
2595,111100011100
2596,111010011100
2597,110110011100
2598,101110011100
2599,011110011100
2600,111001011100
2601,110101011100
2602,101101011100
2603,011101011100
2604,110011011100
2605,101011011100
2606,011011011100
2607,100111011100
2608,010111011100
2609,001111011100
2610,111000111100
2611,110100111100
2612,101100111100
2613,011100111100
2614,110010111100
2615,101010111100
2616,011010111100
2617,100110111100
2618,010110111100
2619,001110111100
2620,110001111100
2621,101001111100
2622,011001111100
2623,100101111100
2624,010101111100
2625,001101111100
2626,100011111100
2627,010011111100
2628,001011111100
2629,000111111100
2630,111111000010
2631,111110100010
2632,111101100010
2633,111011100010
2634,110111100010
2635,101111100010
2636,011111100010
2637,111110010010
2638,111101010010
2639,111011010010
2640,110111010010
2641,101111010010
2642,011111010010
2643,111100110010
2644,111010110010
2645,110110110010
2646,101110110010
2647,011110110010
2648,111001110010
2649,110101110010
2650,101101110010
2651,011101110010
2652,110011110010
2653,101011110010
2654,011011110010
2655,100111110010
2656,010111110010
2657,001111110010
2658,111110001010
2659,111101001010
2660,111011001010
2661,110111001010
2662,101111001010
2663,011111001010
2664,111100101010
2665,111010101010
2666,110110101010
2667,101110101010
2668,011110101010
2669,111001101010
2670,110101101010
2671,101101101010
2672,011101101010
2673,110011101010
2674,101011101010
2675,011011101010
2676,100111101010
2677,010111101010
2678,001111101010
2679,111100011010
2680,111010011010
2681,110110011010
2682,101110011010
2683,011110011010
2684,111001011010
2685,110101011010
2686,101101011010
2687,011101011010
2688,110011011010
2689,101011011010
2690,011011011010
2691,100111011010
2692,010111011010
2693,001111011010
2694,111000111010
2695,110100111010
2696,101100111010
2697,011100111010
2698,110010111010
2699,101010111010
2700,011010111010
2701,100110111010
2702,010110111010
2703,001110111010
2704,110001111010
2705,101001111010
2706,011001111010
2707,100101111010
2708,010101111010
2709,001101111010
2710,100011111010
2711,010011111010
2712,001011111010
2713,000111111010
2714,111110000110
2715,111101000110
2716,111011000110
2717,110111000110
2718,101111000110
2719,011111000110
2720,111100100110
2721,111010100110
2722,110110100110
2723,101110100110
2724,011110100110
2725,111001100110
2726,110101100110
2727,101101100110
2728,011101100110
2729,110011100110
2730,101011100110
2731,011011100110
2732,100111100110
2733,010111100110
2734,001111100110
2735,111100010110
2736,111010010110
2737,110110010110
2738,101110010110
2739,011110010110
2740,111001010110
2741,110101010110
2742,101101010110
2743,011101010110
2744,110011010110
2745,101011010110
2746,011011010110
2747,100111010110
2748,010111010110
2749,001111010110
2750,111000110110
2751,110100110110
2752,101100110110
2753,011100110110
2754,110010110110
2755,101010110110
2756,011010110110
2757,100110110110
2758,010110110110
2759,001110110110
2760,110001110110
2761,101001110110
2762,011001110110
2763,100101110110
2764,010101110110
2765,001101110110
2766,100011110110
2767,010011110110
2768,001011110110
2769,000111110110
2770,111100001110
2771,111010001110
2772,110110001110
2773,101110001110
2774,011110001110
2775,111001001110
2776,110101001110
2777,101101001110
2778,011101001110
2779,110011001110
2780,101011001110
2781,011011001110
2782,100111001110
2783,010111001110
2784,001111001110
2785,111000101110
2786,110100101110
2787,101100101110
2788,011100101110
2789,110010101110
2790,101010101110
2791,011010101110
2792,100110101110
2793,010110101110
2794,001110101110
2795,110001101110
2796,101001101110
2797,011001101110
2798,100101101110
2799,010101101110
2800,001101101110
2801,100011101110
2802,010011101110
2803,001011101110
2804,000111101110
2805,111000011110
2806,110100011110
2807,101100011110
2808,011100011110
2809,110010011110
2810,101010011110
2811,011010011110
2812,100110011110
2813,010110011110
2814,001110011110
2815,110001011110
2816,101001011110
2817,011001011110
2818,100101011110
2819,010101011110
2820,001101011110
2821,100011011110
2822,010011011110
2823,001011011110
2824,000111011110
2825,110000111110
2826,101000111110
2827,011000111110
2828,100100111110
2829,010100111110
2830,001100111110
2831,100010111110
2832,010010111110
2833,001010111110
2834,000110111110
2835,100001111110
2836,010001111110
2837,001001111110
2838,000101111110
2839,000011111110
2840,111111000001
2841,111110100001
2842,111101100001
2843,111011100001
2844,110111100001
2845,101111100001
2846,011111100001
2847,111110010001
2848,111101010001
2849,111011010001
2850,110111010001
2851,101111010001
2852,011111010001
2853,111100110001
2854,111010110001
2855,110110110001
2856,101110110001
2857,011110110001
2858,111001110001
2859,110101110001
2860,101101110001
2861,011101110001
2862,110011110001
2863,101011110001
2864,011011110001
2865,100111110001
2866,010111110001
2867,001111110001
2868,111110001001
2869,111101001001
2870,111011001001
2871,110111001001
2872,101111001001
2873,011111001001
2874,111100101001
2875,111010101001
2876,110110101001
2877,101110101001
2878,011110101001
2879,111001101001
2880,110101101001
2881,101101101001
2882,011101101001
2883,110011101001
2884,101011101001
2885,011011101001
2886,100111101001
2887,010111101001
2888,001111101001
2889,111100011001
2890,111010011001
2891,110110011001
2892,101110011001
2893,011110011001
2894,111001011001
2895,110101011001
2896,101101011001
2897,011101011001
2898,110011011001
2899,101011011001
2900,011011011001
2901,100111011001
2902,010111011001
2903,001111011001
2904,111000111001
2905,110100111001
2906,101100111001
2907,011100111001
2908,110010111001
2909,101010111001
2910,011010111001
2911,100110111001
2912,010110111001
2913,001110111001
2914,110001111001
2915,101001111001
2916,011001111001
2917,100101111001
2918,010101111001
2919,001101111001
2920,100011111001
2921,010011111001
2922,001011111001
2923,000111111001
2924,111110000101
2925,111101000101
2926,111011000101
2927,110111000101
2928,101111000101
2929,011111000101
2930,111100100101
2931,111010100101
2932,110110100101
2933,101110100101
2934,011110100101
2935,111001100101
2936,110101100101
2937,101101100101
2938,011101100101
2939,110011100101
2940,101011100101
2941,011011100101
2942,100111100101
2943,010111100101
2944,001111100101
2945,111100010101
2946,111010010101
2947,110110010101
2948,101110010101
2949,011110010101
2950,111001010101
2951,110101010101
2952,101101010101
2953,011101010101
2954,110011010101
2955,101011010101
2956,011011010101
2957,100111010101
2958,010111010101
2959,001111010101
2960,111000110101
2961,110100110101
2962,101100110101
2963,011100110101
2964,110010110101
2965,101010110101
2966,011010110101
2967,100110110101
2968,010110110101
2969,001110110101
2970,110001110101
2971,101001110101
2972,011001110101
2973,100101110101
2974,010101110101
2975,001101110101
2976,100011110101
2977,010011110101
2978,001011110101
2979,000111110101
2980,111100001101
2981,111010001101
2982,110110001101
2983,101110001101
2984,011110001101
2985,111001001101
2986,110101001101
2987,101101001101
2988,011101001101
2989,110011001101
2990,101011001101
2991,011011001101
2992,100111001101
2993,010111001101
2994,001111001101
2995,111000101101
2996,110100101101
2997,101100101101
2998,011100101101
2999,110010101101
3000,101010101101
3001,011010101101
3002,100110101101
3003,010110101101
3004,001110101101
3005,110001101101
3006,101001101101
3007,011001101101
3008,100101101101
3009,010101101101
3010,001101101101
3011,100011101101
3012,010011101101
3013,001011101101
3014,000111101101
3015,111000011101
3016,110100011101
3017,101100011101
3018,011100011101
3019,110010011101
3020,101010011101
3021,011010011101
3022,100110011101
3023,010110011101
3024,001110011101
3025,110001011101
3026,101001011101
3027,011001011101
3028,100101011101
3029,010101011101
3030,001101011101
3031,100011011101
3032,010011011101
3033,001011011101
3034,000111011101
3035,110000111101
3036,101000111101
3037,011000111101
3038,100100111101
3039,010100111101
3040,001100111101
3041,100010111101
3042,010010111101
3043,001010111101
3044,000110111101
3045,100001111101
3046,010001111101
3047,001001111101
3048,000101111101
3049,000011111101
3050,111110000011
3051,111101000011
3052,111011000011
3053,110111000011
3054,101111000011
3055,011111000011
3056,111100100011
3057,111010100011
3058,110110100011
3059,101110100011
3060,011110100011
3061,111001100011
3062,110101100011
3063,101101100011
3064,011101100011
3065,110011100011
3066,101011100011
3067,011011100011
3068,100111100011
3069,010111100011
3070,001111100011
3071,111100010011
3072,111010010011
3073,110110010011
3074,101110010011
3075,011110010011
3076,111001010011
3077,110101010011
3078,101101010011
3079,011101010011
3080,110011010011
3081,101011010011
3082,011011010011
3083,100111010011
3084,010111010011
3085,001111010011
3086,111000110011
3087,110100110011
3088,101100110011
3089,011100110011
3090,110010110011
3091,101010110011
3092,011010110011
3093,100110110011
3094,010110110011
3095,001110110011
3096,110001110011
3097,101001110011
3098,011001110011
3099,100101110011
3100,010101110011
3101,001101110011
3102,100011110011
3103,010011110011
3104,001011110011
3105,000111110011
3106,111100001011
3107,111010001011
3108,110110001011
3109,101110001011
3110,011110001011
3111,111001001011
3112,110101001011
3113,101101001011
3114,011101001011
3115,110011001011
3116,101011001011
3117,011011001011
3118,100111001011
3119,010111001011
3120,001111001011
3121,111000101011
3122,110100101011
3123,101100101011
3124,011100101011
3125,110010101011
3126,101010101011
3127,011010101011
3128,100110101011
3129,010110101011
3130,001110101011
3131,110001101011
3132,101001101011
3133,011001101011
3134,100101101011
3135,010101101011
3136,001101101011
3137,100011101011
3138,010011101011
3139,001011101011
3140,000111101011
3141,111000011011
3142,110100011011
3143,101100011011
3144,011100011011
3145,110010011011
3146,101010011011
3147,011010011011
3148,100110011011
3149,010110011011
3150,001110011011
3151,110001011011
3152,101001011011
3153,011001011011
3154,100101011011
3155,010101011011
3156,001101011011
3157,100011011011
3158,010011011011
3159,001011011011
3160,000111011011
3161,110000111011
3162,101000111011
3163,011000111011
3164,100100111011
3165,010100111011
3166,001100111011
3167,100010111011
3168,010010111011
3169,001010111011
3170,000110111011
3171,100001111011
3172,010001111011
3173,001001111011
3174,000101111011
3175,000011111011
3176,111100000111
3177,111010000111
3178,110110000111
3179,101110000111
3180,011110000111
3181,111001000111
3182,110101000111
3183,101101000111
3184,011101000111
3185,110011000111
3186,101011000111
3187,011011000111
3188,100111000111
3189,010111000111
3190,001111000111
3191,111000100111
3192,110100100111
3193,101100100111
3194,011100100111
3195,110010100111
3196,101010100111
3197,011010100111
3198,100110100111
3199,010110100111
3200,001110100111
3201,110001100111
3202,101001100111
3203,011001100111
3204,100101100111
3205,010101100111
3206,001101100111
3207,100011100111
3208,010011100111
3209,001011100111
3210,000111100111
3211,111000010111
3212,110100010111
3213,101100010111
3214,011100010111
3215,110010010111
3216,101010010111
3217,011010010111
3218,100110010111
3219,010110010111
3220,001110010111
3221,110001010111
3222,101001010111
3223,011001010111
3224,100101010111
3225,010101010111
3226,001101010111
3227,100011010111
3228,010011010111
3229,001011010111
3230,000111010111
3231,110000110111
3232,101000110111
3233,011000110111
3234,100100110111
3235,010100110111
3236,001100110111
3237,100010110111
3238,010010110111
3239,001010110111
3240,000110110111
3241,100001110111
3242,010001110111
3243,001001110111
3244,000101110111
3245,000011110111
3246,111000001111
3247,110100001111
3248,101100001111
3249,011100001111
3250,110010001111
3251,101010001111
3252,011010001111
3253,100110001111
3254,010110001111
3255,001110001111
3256,110001001111
3257,101001001111
3258,011001001111
3259,100101001111
3260,010101001111
3261,001101001111
3262,100011001111
3263,010011001111
3264,001011001111
3265,000111001111
3266,110000101111
3267,101000101111
3268,011000101111
3269,100100101111
3270,010100101111
3271,001100101111
3272,100010101111
3273,010010101111
3274,001010101111
3275,000110101111
3276,100001101111
3277,010001101111
3278,001001101111
3279,000101101111
3280,000011101111
3281,110000011111
3282,101000011111
3283,011000011111
3284,100100011111
3285,010100011111
3286,001100011111
3287,100010011111
3288,010010011111
3289,001010011111
3290,000110011111
3291,100001011111
3292,010001011111
3293,001001011111
3294,000101011111
3295,000011011111
3296,100000111111
3297,010000111111
3298,001000111111
3299,000100111111
3300,000010111111
3301,000001111111
3302,111111110000
3303,111111101000
3304,111111011000
3305,111110111000
3306,111101111000
3307,111011111000
3308,110111111000
3309,101111111000
3310,011111111000
3311,111111100100
3312,111111010100
3313,111110110100
3314,111101110100
3315,111011110100
3316,110111110100
3317,101111110100
3318,011111110100
3319,111111001100
3320,111110101100
3321,111101101100
3322,111011101100
3323,110111101100
3324,101111101100
3325,011111101100
3326,111110011100
3327,111101011100
3328,111011011100
3329,110111011100
3330,101111011100
3331,011111011100
3332,111100111100
3333,111010111100
3334,110110111100
3335,101110111100
3336,011110111100
3337,111001111100
3338,110101111100
3339,101101111100
3340,011101111100
3341,110011111100
3342,101011111100
3343,011011111100
3344,100111111100
3345,010111111100
3346,001111111100
3347,111111100010
3348,111111010010
3349,111110110010
3350,111101110010
3351,111011110010
3352,110111110010
3353,101111110010
3354,011111110010
3355,111111001010
3356,111110101010
3357,111101101010
3358,111011101010
3359,110111101010
3360,101111101010
3361,011111101010
3362,111110011010
3363,111101011010
3364,111011011010
3365,110111011010
3366,101111011010
3367,011111011010
3368,111100111010
3369,111010111010
3370,110110111010
3371,101110111010
3372,011110111010
3373,111001111010
3374,110101111010
3375,101101111010
3376,011101111010
3377,110011111010
3378,101011111010
3379,011011111010
3380,100111111010
3381,010111111010
3382,001111111010
3383,111111000110
3384,111110100110
3385,111101100110
3386,111011100110
3387,110111100110
3388,101111100110
3389,011111100110
3390,111110010110
3391,111101010110
3392,111011010110
3393,110111010110
3394,101111010110
3395,011111010110
3396,111100110110
3397,111010110110
3398,110110110110
3399,101110110110
3400,011110110110
3401,111001110110
3402,110101110110
3403,101101110110
3404,011101110110
3405,110011110110
3406,101011110110
3407,011011110110
3408,100111110110
3409,010111110110
3410,001111110110
3411,111110001110
3412,111101001110
3413,111011001110
3414,110111001110
3415,101111001110
3416,011111001110
3417,111100101110
3418,111010101110
3419,110110101110
3420,101110101110
3421,011110101110
3422,111001101110
3423,110101101110
3424,101101101110
3425,011101101110
3426,110011101110
3427,101011101110
3428,011011101110
3429,100111101110
3430,010111101110
3431,001111101110
3432,111100011110
3433,111010011110
3434,110110011110
3435,101110011110
3436,011110011110
3437,111001011110
3438,110101011110
3439,101101011110
3440,011101011110
3441,110011011110
3442,101011011110
3443,011011011110
3444,100111011110
3445,010111011110
3446,001111011110
3447,111000111110
3448,110100111110
3449,101100111110
3450,011100111110
3451,110010111110
3452,101010111110
3453,011010111110
3454,100110111110
3455,010110111110
3456,001110111110
3457,110001111110
3458,101001111110
3459,011001111110
3460,100101111110
3461,010101111110
3462,001101111110
3463,100011111110
3464,010011111110
3465,001011111110
3466,000111111110
3467,111111100001
3468,111111010001
3469,111110110001
3470,111101110001
3471,111011110001
3472,110111110001
3473,101111110001
3474,011111110001
3475,111111001001
3476,111110101001
3477,111101101001
3478,111011101001
3479,110111101001
3480,101111101001
3481,011111101001
3482,111110011001
3483,111101011001
3484,111011011001
3485,110111011001
3486,101111011001
3487,011111011001
3488,111100111001
3489,111010111001
3490,110110111001
3491,101110111001
3492,011110111001
3493,111001111001
3494,110101111001
3495,101101111001
3496,011101111001
3497,110011111001
3498,101011111001
3499,011011111001
3500,100111111001
3501,010111111001
3502,001111111001
3503,111111000101
3504,111110100101
3505,111101100101
3506,111011100101
3507,110111100101
3508,101111100101
3509,011111100101
3510,111110010101
3511,111101010101
3512,111011010101
3513,110111010101
3514,101111010101
3515,011111010101
3516,111100110101
3517,111010110101
3518,110110110101
3519,101110110101
3520,011110110101
3521,111001110101
3522,110101110101
3523,101101110101
3524,011101110101
3525,110011110101
3526,101011110101
3527,011011110101
3528,100111110101
3529,010111110101
3530,001111110101
3531,111110001101
3532,111101001101
3533,111011001101
3534,110111001101
3535,101111001101
3536,011111001101
3537,111100101101
3538,111010101101
3539,110110101101
3540,101110101101
3541,011110101101
3542,111001101101
3543,110101101101
3544,101101101101
3545,011101101101
3546,110011101101
3547,101011101101
3548,011011101101
3549,100111101101
3550,010111101101
3551,001111101101
3552,111100011101
3553,111010011101
3554,110110011101
3555,101110011101
3556,011110011101
3557,111001011101
3558,110101011101
3559,101101011101
3560,011101011101
3561,110011011101
3562,101011011101
3563,011011011101
3564,100111011101
3565,010111011101
3566,001111011101
3567,111000111101
3568,110100111101
3569,101100111101
3570,011100111101
3571,110010111101
3572,101010111101
3573,011010111101
3574,100110111101
3575,010110111101
3576,001110111101
3577,110001111101
3578,101001111101
3579,011001111101
3580,100101111101
3581,010101111101
3582,001101111101
3583,100011111101
3584,010011111101
3585,001011111101
3586,000111111101
3587,111111000011
3588,111110100011
3589,111101100011
3590,111011100011
3591,110111100011
3592,101111100011
3593,011111100011
3594,111110010011
3595,111101010011
3596,111011010011
3597,110111010011
3598,101111010011
3599,011111010011
3600,111100110011
3601,111010110011
3602,110110110011
3603,101110110011
3604,011110110011
3605,111001110011
3606,110101110011
3607,101101110011
3608,011101110011
3609,110011110011
3610,101011110011
3611,011011110011
3612,100111110011
3613,010111110011
3614,001111110011
3615,111110001011
3616,111101001011
3617,111011001011
3618,110111001011
3619,101111001011
3620,011111001011
3621,111100101011
3622,111010101011
3623,110110101011
3624,101110101011
3625,011110101011
3626,111001101011
3627,110101101011
3628,101101101011
3629,011101101011
3630,110011101011
3631,101011101011
3632,011011101011
3633,100111101011
3634,010111101011
3635,001111101011
3636,111100011011
3637,111010011011
3638,110110011011
3639,101110011011
3640,011110011011
3641,111001011011
3642,110101011011
3643,101101011011
3644,011101011011
3645,110011011011
3646,101011011011
3647,011011011011
3648,100111011011
3649,010111011011
3650,001111011011
3651,111000111011
3652,110100111011
3653,101100111011
3654,011100111011
3655,110010111011
3656,101010111011
3657,011010111011
3658,100110111011
3659,010110111011
3660,001110111011
3661,110001111011
3662,101001111011
3663,011001111011
3664,100101111011
3665,010101111011
3666,001101111011
3667,100011111011
3668,010011111011
3669,001011111011
3670,000111111011
3671,111110000111
3672,111101000111
3673,111011000111
3674,110111000111
3675,101111000111
3676,011111000111
3677,111100100111
3678,111010100111
3679,110110100111
3680,101110100111
3681,011110100111
3682,111001100111
3683,110101100111
3684,101101100111
3685,011101100111
3686,110011100111
3687,101011100111
3688,011011100111
3689,100111100111
3690,010111100111
3691,001111100111
3692,111100010111
3693,111010010111
3694,110110010111
3695,101110010111
3696,011110010111
3697,111001010111
3698,110101010111
3699,101101010111
3700,011101010111
3701,110011010111
3702,101011010111
3703,011011010111
3704,100111010111
3705,010111010111
3706,001111010111
3707,111000110111
3708,110100110111
3709,101100110111
3710,011100110111
3711,110010110111
3712,101010110111
3713,011010110111
3714,100110110111
3715,010110110111
3716,001110110111
3717,110001110111
3718,101001110111
3719,011001110111
3720,100101110111
3721,010101110111
3722,001101110111
3723,100011110111
3724,010011110111
3725,001011110111
3726,000111110111
3727,111100001111
3728,111010001111
3729,110110001111
3730,101110001111
3731,011110001111
3732,111001001111
3733,110101001111
3734,101101001111
3735,011101001111
3736,110011001111
3737,101011001111
3738,011011001111
3739,100111001111
3740,010111001111
3741,001111001111
3742,111000101111
3743,110100101111
3744,101100101111
3745,011100101111
3746,110010101111
3747,101010101111
3748,011010101111
3749,100110101111
3750,010110101111
3751,001110101111
3752,110001101111
3753,101001101111
3754,011001101111
3755,100101101111
3756,010101101111
3757,001101101111
3758,100011101111
3759,010011101111
3760,001011101111
3761,000111101111
3762,111000011111
3763,110100011111
3764,101100011111
3765,011100011111
3766,110010011111
3767,101010011111
3768,011010011111
3769,100110011111
3770,010110011111
3771,001110011111
3772,110001011111
3773,101001011111
3774,011001011111
3775,100101011111
3776,010101011111
3777,001101011111
3778,100011011111
3779,010011011111
3780,001011011111
3781,000111011111
3782,110000111111
3783,101000111111
3784,011000111111
3785,100100111111
3786,010100111111
3787,001100111111
3788,100010111111
3789,010010111111
3790,001010111111
3791,000110111111
3792,100001111111
3793,010001111111
3794,001001111111
3795,000101111111
3796,000011111111
3797,111111111000
3798,111111110100
3799,111111101100
3800,111111011100
3801,111110111100
3802,111101111100
3803,111011111100
3804,110111111100
3805,101111111100
3806,011111111100
3807,111111110010
3808,111111101010
3809,111111011010
3810,111110111010
3811,111101111010
3812,111011111010
3813,110111111010
3814,101111111010
3815,011111111010
3816,111111100110
3817,111111010110
3818,111110110110
3819,111101110110
3820,111011110110
3821,110111110110
3822,101111110110
3823,011111110110
3824,111111001110
3825,111110101110
3826,111101101110
3827,111011101110
3828,110111101110
3829,101111101110
3830,011111101110
3831,111110011110
3832,111101011110
3833,111011011110
3834,110111011110
3835,101111011110
3836,011111011110
3837,111100111110
3838,111010111110
3839,110110111110
3840,101110111110
3841,011110111110
3842,111001111110
3843,110101111110
3844,101101111110
3845,011101111110
3846,110011111110
3847,101011111110
3848,011011111110
3849,100111111110
3850,010111111110
3851,001111111110
3852,111111110001
3853,111111101001
3854,111111011001
3855,111110111001
3856,111101111001
3857,111011111001
3858,110111111001
3859,101111111001
3860,011111111001
3861,111111100101
3862,111111010101
3863,111110110101
3864,111101110101
3865,111011110101
3866,110111110101
3867,101111110101
3868,011111110101
3869,111111001101
3870,111110101101
3871,111101101101
3872,111011101101
3873,110111101101
3874,101111101101
3875,011111101101
3876,111110011101
3877,111101011101
3878,111011011101
3879,110111011101
3880,101111011101
3881,011111011101
3882,111100111101
3883,111010111101
3884,110110111101
3885,101110111101
3886,011110111101
3887,111001111101
3888,110101111101
3889,101101111101
3890,011101111101
3891,110011111101
3892,101011111101
3893,011011111101
3894,100111111101
3895,010111111101
3896,001111111101
3897,111111100011
3898,111111010011
3899,111110110011
3900,111101110011
3901,111011110011
3902,110111110011
3903,101111110011
3904,011111110011
3905,111111001011
3906,111110101011
3907,111101101011
3908,111011101011
3909,110111101011
3910,101111101011
3911,011111101011
3912,111110011011
3913,111101011011
3914,111011011011
3915,110111011011
3916,101111011011
3917,011111011011
3918,111100111011
3919,111010111011
3920,110110111011
3921,101110111011
3922,011110111011
3923,111001111011
3924,110101111011
3925,101101111011
3926,011101111011
3927,110011111011
3928,101011111011
3929,011011111011
3930,100111111011
3931,010111111011
3932,001111111011
3933,111111000111
3934,111110100111
3935,111101100111
3936,111011100111
3937,110111100111
3938,101111100111
3939,011111100111
3940,111110010111
3941,111101010111
3942,111011010111
3943,110111010111
3944,101111010111
3945,011111010111
3946,111100110111
3947,111010110111
3948,110110110111
3949,101110110111
3950,011110110111
3951,111001110111
3952,110101110111
3953,101101110111
3954,011101110111
3955,110011110111
3956,101011110111
3957,011011110111
3958,100111110111
3959,010111110111
3960,001111110111
3961,111110001111
3962,111101001111
3963,111011001111
3964,110111001111
3965,101111001111
3966,011111001111
3967,111100101111
3968,111010101111
3969,110110101111
3970,101110101111
3971,011110101111
3972,111001101111
3973,110101101111
3974,101101101111
3975,011101101111
3976,110011101111
3977,101011101111
3978,011011101111
3979,100111101111
3980,010111101111
3981,001111101111
3982,111100011111
3983,111010011111
3984,110110011111
3985,101110011111
3986,011110011111
3987,111001011111
3988,110101011111
3989,101101011111
3990,011101011111
3991,110011011111
3992,101011011111
3993,011011011111
3994,100111011111
3995,010111011111
3996,001111011111
3997,111000111111
3998,110100111111
3999,101100111111
4000,011100111111
4001,110010111111
4002,101010111111
4003,011010111111
4004,100110111111
4005,010110111111
4006,001110111111
4007,110001111111
4008,101001111111
4009,011001111111
4010,100101111111
4011,010101111111
4012,001101111111
4013,100011111111
4014,010011111111
4015,001011111111
4016,000111111111
4017,111111111100
4018,111111111010
4019,111111110110
4020,111111101110
4021,111111011110
4022,111110111110
4023,111101111110
4024,111011111110
4025,110111111110
4026,101111111110
4027,011111111110
4028,111111111001
4029,111111110101
4030,111111101101
4031,111111011101
4032,111110111101
4033,111101111101
4034,111011111101
4035,110111111101
4036,101111111101
4037,011111111101
4038,111111110011
4039,111111101011
4040,111111011011
4041,111110111011
4042,111101111011
4043,111011111011
4044,110111111011
4045,101111111011
4046,011111111011
4047,111111100111
4048,111111010111
4049,111110110111
4050,111101110111
4051,111011110111
4052,110111110111
4053,101111110111
4054,011111110111
4055,111111001111
4056,111110101111
4057,111101101111
4058,111011101111
4059,110111101111
4060,101111101111
4061,011111101111
4062,111110011111
4063,111101011111
4064,111011011111
4065,110111011111
4066,101111011111
4067,011111011111
4068,111100111111
4069,111010111111
4070,110110111111
4071,101110111111
4072,011110111111
4073,111001111111
4074,110101111111
4075,101101111111
4076,011101111111
4077,110011111111
4078,101011111111
4079,011011111111
4080,100111111111
4081,010111111111
4082,001111111111
4083,111111111110
4084,111111111101
4085,111111111011
4086,111111110111
4087,111111101111
4088,111111011111
4089,111110111111
4090,111101111111
4091,111011111111
4092,110111111111
4093,101111111111
4094,011111111111
4095,111111111111
